%YAML:1.0
---
model_type: PINHOLE
camera_name: cam0
image_width: 1280
image_height: 384
distortion_parameters:
   k1: 0.0
   k2: 0.0
   p1: 0.0
   p2: 0.0
projection_parameters:
   fx: 433.773071
   fy: 433.773071
   cx: 619.937459
   cy: 235.213562
