%YAML:1.0
---
model_type: PINHOLE
camera_name: cam1
image_width: 1280
image_height: 384
distortion_parameters:
   k1: 0.0
   k2: 0.0
   p1: 0.0
   p2: 0.0
projection_parameters:
   fx: 436.652588
   fy: 436.652588
   cx: 664.741333
   cy: 220.160380
